1061.4	2.80E+01
1067.3	6.30E+01
1073.3	6.35E+01
1079.3	6.45E+01
1085.3	6.65E+01
1091.3	6.65E+01
1097.4	6.70E+01
1103.5	6.80E+01
1109.6	6.75E+01
1115.8	6.70E+01
1121.9	6.85E+01
1128.1	7.00E+01
1134.4	7.10E+01
1140.6	7.35E+01
1146.8	7.55E+01
1153.1	7.65E+01
1159.4	7.75E+01
1165.7	8.05E+01
1172	8.55E+01
1178.4	8.95E+01
1184.7	9.40E+01
1191.1	1.01E+02
1197.4	1.08E+02
1203.8	1.13E+02
1210.2	1.17E+02
1216.6	1.23E+02
1223	1.38E+02
1229.3	1.63E+02
1235.7	2.22E+02
1242.1	3.32E+02
1248.5	4.90E+02
1255	6.79E+02
1261.4	9.29E+02
1267.8	1.17E+03
1274.2	1.37E+03
1280.6	1.55E+03
1287	1.65E+03
1293.4	1.69E+03
1299.8	1.66E+03
1306.2	1.58E+03
1312.6	1.56E+03
1319	1.69E+03
1325.4	1.96E+03
1331.8	2.11E+03
1338.1	2.11E+03
1344.5	2.32E+03
1350.9	2.82E+03
1357.3	3.38E+03
1363.6	3.87E+03
1370	4.25E+03
1376.3	4.42E+03
1382.7	4.51E+03
1389	4.51E+03
1395.3	4.31E+03
1401.7	3.92E+03
1408	3.47E+03
1414.3	3.14E+03
1420.6	2.86E+03
1426.9	2.53E+03
1433.2	2.22E+03
1439.5	1.87E+03
1445.7	1.58E+03
1452	1.46E+03
1458.2	1.52E+03
1464.5	1.82E+03
1470.8	2.30E+03
1477	2.80E+03
1483.2	3.19E+03
1489.5	3.45E+03
1495.7	3.63E+03
1501.9	3.83E+03
1508.1	4.17E+03
1514.3	4.39E+03
1520.5	4.54E+03
1526.7	4.94E+03
1532.9	5.33E+03
1539	5.54E+03
1545.2	5.85E+03
1551.4	6.31E+03
1557.5	6.70E+03
1563.7	7.06E+03
1569.9	7.33E+03
1576	7.40E+03
1582.2	7.58E+03
1588.3	7.74E+03
1594.4	7.61E+03
1600.5	7.73E+03
1606.7	7.99E+03
1612.8	8.12E+03
1618.9	8.27E+03
1625	8.35E+03
1631.2	8.38E+03
1637.3	8.53E+03
1643.4	8.57E+03
1649.5	8.41E+03
1655.6	8.20E+03
1661.7	7.83E+03
1667.8	7.24E+03
1673.9	6.68E+03
1680	6.13E+03
1686.1	5.71E+03
1692.2	5.84E+03
1698.3	5.95E+03
1704.4	5.70E+03
1710.5	5.31E+03
1716.6	4.97E+03
1722.7	4.55E+03
1728.8	3.96E+03
1734.9	3.21E+03
1741	2.58E+03
1747.1	2.21E+03
1753.2	1.82E+03
1759.4	1.53E+03
1765.5	1.45E+03
1771.6	1.49E+03
1777.7	1.69E+03
1783.8	2.02E+03
1790	2.42E+03
1796.1	2.94E+03
1802.2	3.69E+03
1808.3	4.52E+03
1814.5	5.38E+03
1820.6	6.33E+03
1826.8	6.99E+03
1832.9	7.29E+03
1839.1	7.59E+03
1845.2	7.77E+03
1851.4	7.59E+03
1857.5	7.23E+03
1863.7	6.67E+03
1869.9	6.36E+03
1876.1	6.51E+03
1882.3	6.67E+03
1888.5	6.62E+03
1894.6	6.45E+03
1900.8	6.20E+03
1907	5.97E+03
1913.3	6.06E+03
1919.5	6.22E+03
1925.7	6.27E+03
1931.9	6.50E+03
1938.2	6.64E+03
1944.4	6.64E+03
1950.6	6.85E+03
1956.9	7.13E+03
1963.1	7.45E+03
1969.4	7.78E+03
1975.6	7.86E+03
1981.9	7.57E+03
1988.2	7.14E+03
1994.5	6.66E+03
2000.7	6.16E+03
2007	5.75E+03
2013.3	5.12E+03
2019.6	4.48E+03
2025.9	4.45E+03
2032.2	4.71E+03
2038.5	4.71E+03
2044.8	4.75E+03
2051.1	4.77E+03
2057.4	4.64E+03
2063.8	4.59E+03
2070.1	4.45E+03
2076.4	4.18E+03
2082.7	3.95E+03
2089.1	3.81E+03
2095.4	3.65E+03
2101.7	3.22E+03
2108.1	2.70E+03
2114.4	2.56E+03
2120.7	2.71E+03
2127.1	2.60E+03
2133.4	2.31E+03
2139.7	2.39E+03
2146.1	2.75E+03
2152.4	3.02E+03
2158.8	3.18E+03
2165.1	3.11E+03
2171.4	2.76E+03
2177.8	2.27E+03
2184.1	1.77E+03
2190.4	1.44E+03
2196.7	1.25E+03
2203.1	1.12E+03
2209.4	1.07E+03
2215.7	9.67E+02
2222	8.59E+02
2228.3	9.02E+02
2234.6	8.38E+02
2240.9	7.02E+02
2247.2	6.53E+02
2253.4	5.76E+02
2259.7	5.25E+02
2266	5.23E+02
2272.2	5.07E+02
2278.5	4.67E+02
2284.7	4.44E+02
2290.9	4.04E+02
2297.2	3.26E+02
2303.4	2.92E+02
2309.6	2.80E+02
2315.7	2.59E+02
2321.9	2.45E+02
2328.1	2.36E+02
2334.2	2.25E+02
2340.3	2.11E+02
2346.4	2.02E+02
2352.5	1.97E+02
2358.6	1.91E+02
2364.7	1.88E+02
2370.7	1.86E+02
2376.7	1.83E+02
2382.8	1.80E+02
2388.8	1.74E+02
2394.7	1.65E+02
2400.7	1.59E+02
2406.6	1.58E+02
2412.5	1.54E+02
2418.4	1.48E+02
2424.3	1.43E+02
2430.1	1.39E+02
2435.9	1.35E+02
2441.7	1.33E+02
2447.5	1.31E+02
2453.2	1.27E+02
2458.9	1.23E+02
2464.6	1.20E+02
2470.3	1.18E+02
2475.9	1.15E+02
2481.5	1.13E+02
2487.1	1.11E+02
2492.7	1.08E+02
2498.2	1.06E+02
2503.7	1.05E+02
2509.1	1.04E+02
2514.5	1.01E+02
2519.9	9.80E+01
2525.3	9.80E+01
2530.6	9.60E+01
2535.9	9.45E+01
2541.2	9.35E+01
2546.4	9.20E+01
2551.5	9.10E+01
2556.7	9.10E+01
2561.8	9.10E+01
2566.9	8.85E+01
2571.9	8.70E+01
2576.9	8.75E+01
2581.8	8.65E+01
2586.7	8.60E+01
2591.6	8.50E+01
2596.4	8.25E+01
2601.2	8.30E+01
2606	8.40E+01
2610.7	8.30E+01
2615.3	8.15E+01
